## for generic and eazy access color templates



# manual colors -----------------------------------------------------------
## to use with scale_fill_manual: 

# The palette with grey:
Palette1 <- c("#999999", "#E69F00", "#56B4E9", "#009E73", "#F0E442", "#0072B2", "#D55E00", "#CC79A7", "black")

# The palette with black:
Palette2 <- c("#000000", "#E69F00", "#56B4E9", "#009E73", "#F0E442", "#0072B2", "#D55E00", "#CC79A7")


# The palette
Palette3 <- c("#56B4E9", "#E69F00", "#009E73", "#F0E442", "#999999","#0072B2", "#D55E00", "#CC79A7", "black")
